10111111010011011101110010001111110011100101111011111011110011110000111100111011
11101111100111110001111011001110010111101100101111111101100110100001111100111110
01101111000011100011100111101111100110110001111011001111010111101100110111111101
10011011000111111100111001011011111111101100111111111110010111100001111111001111
00001011010110111100111110001111100111110001111100011110010111101100111010001110
10011110010011111000111111001111001110111010101111001111100011110100111010011110
11001110110011111110101101011110001011111000111101011111001010111011111011001111
11011111001011101000111111001110100011100101101111001110100111111111111110011111
10001111100011110101111000101011101111111100111101011111001011101000111010011111
11111110100011111110111001011101001011110000111000111011111011111001111000011110
11001110010111111100101111111111100110110001111011001110010011101101110111111111
11001111111011111001101110011011001011101100111110001111010010111001111111001111
01011111001010111000111110011110111111101000111011101110010111101011111111111110
11001110111111111000101111011111001011111000111111011111111010111000111011001110
10001111100111100001111100011001010111100110111110001110100111100100111010001111
11001110100111111010101110011011111011101100111111111110010111110010111111111111
10011110110010101000111101001011100110101100111111011111100110101100101111001010
11111110000011111011111001001111100110110010111111001111110110110010101111001111
10011111001011100111111000101110001111111011111100101111110011101100111111101011
01011110001011111000111110011011111011101100111110001110001111110011111101111111
11001011110111101100101110111111110111110000111100001111100110110101111111001111
00111011101011111100111110001110010111111100111010011110110011111101111100101011
10001110110011111111111111111111111011111101111100011110111011110000101110011111
10001111110011110101111110001110110011111000111000111011110011110001101111011011
01111011100111111100111111011110110011101000111101011011110011101001111111111110
11001111100111111111111001011111000111111001111100101111110011111110111100111011
00111011011111110010111111001110010110111000101111001101010011101101111111111111
01101110111111111001100111101111101011100101111010101110100110111000111011001111
00101110001110111000111111001111001111110010101100001111010111111100111110101110
01011111101011101001111111001111111111111001101100101111100011101001111011101110
01011110100110111111111100001111110011101110101110011011100011111100111111011110
00001111111111110011111111001111100011110100101110011110110011110000111010011011
11011011110011111100111101011110001011111000111100111111110011111001111000001011
10011110111110111000111111101111001111110010111001011111111111101100111110001111
01011111110011111001111011111110100111101000111010001111010111110010111010111111
00001110110011111110101110011111000111111101111101011111001011110101101100101111
10111111110011111001111111111111111111111001111000101110100011110101101111011110
00001110000011110101111111001111100111110010101111111110010011111101111100101111
10111111100111101000111100101101110011100101101110001011110011111011111111011011
11111110110011101100111000111110110011111001111100001110110111111110101101011111
11111111100111111000111001101111010110110010100111001111100011110100111110011110
11001010110111110101101110101110110010111111101011001010101111100101101010001110
01001110110011111000111101001011100111101100111111101111100111110000101110011111
11011111111111111001111111001111001110111010101111001111000011101001111010001101
11101110110111111111111010011011100011101100111111111110010011111001111110011111
10001011111111111100111011111111001111100010111110001111110111110101111000101111
01011111001011111011111111001111000011100011101111101101100110110001111111001111
01011110110011101111110110011011000111101100111011001111110111101111111011111111
11011111101111111001111111111011000011111100111011011011001010111000111111001111
00011110001111111110111110011110110011111110111110011011111111111001111100101111
10001110000010110101111011001111101111100101101110001110010011111100111110001111
10011111111111100111111110001110001110111100111011001111110011111001111011101110
00001110010111101111111101001111010111110010111110111111011011111111111100111001
10101110100011111011111111011111111010111001111111001110000011110101111001111111
10011101110011001101111100001110100011101001111111111111110011111100101111011011
10111101100111110001111111011111011111101001111111101111110011110101111100101011
11111110000011101001111110001111010111110010111110111111110011111010111110011011
11101111111111110101111000111110001010111111111111001111001110111010111011001111
00001110001111101110110110011011000111011100111101011111110011101111111110011110
00011001001011110110111101101111101111100100100101011100110011111000101100111011
11001111101111111001101111001110100111111111101110011110110011100101111010001011
00111101011011110101101010001111110011100101111011111011110010111101100111001011
00001111001111110010111110111111110011101001111111111011100011111101111111101110
00001110010111111111111101001111100110111000111111001111101011111101111111111111
10001110110010111000111001001110110110111000111111001111110111101100101111101111
10011111110111111000111110011011111011101100111110111110010111110000111100001111
11001111111011101001101111001111100011100101101111111111100011111110111111011110
11111111100011101001111110001111110011101110111101011011110011111000111001001011
10011110110011111110111110011111110111111000111111011111111011110000101110011111
11001111111110110011101100101111100011111001111100101110100011111100111100111110
10101111110010111101111111001111110011111101101110111110100111101100101110111111
01001111100111110010111111001111000011110011101100111111011111110101111100101111
10111111110010111101111110001111110011100101111010001011111111111100101100001110
11011111010111110011111110011011100010010010111001101110100011110100111010011100
11001111110011110011101101011110001010111000111111001111001110111010111011001111
10011111111111100101111000101011101111011100111100001111001111111110111010011111
00011101110011110101111111001110111111111001111000011110110011100101101111111011
11001111100010110100101111011011100011111100111101011110100011111100111001001110
11011011111111111100111111011111110011110001111100111011111010111001111000011110
00111011111011110001111100001110100111101111111111111111110011110010111000111011
11101111000111101101111000001111110011111000111101011011111111101000111111101110
01011110111011111001111110001111010111110011111000101111110011110011111110101011
11001111000010111001101110001111100011101001111011101110111110110000111111001110
11011011111111111100111100111110110011111100111100111110111111111001111010001110
11001111100011110011101111001110100111111111101101011110001010111011111011001111
10111111111110110011101100101111100011111001111100101110100011111100110101001110
10011110011011111110111110011011000011111100111111111011001111100010100110001111
10011110001010111000111111001111010011101001101111101111100110111011111100001111
11001111000111111101101101111111010111110010111110111111110011100101111110001011
11001111000011110011101100111011011111111100111100001111010111110111111110011111
11001111111011111001101111011111100011111101111111101111000010111001111011001111
10011111001010111011110100001110010111111111111101001111001011011100111100011011
11011110001011100101111111001111100011101001101111111111011111111000111100111111
11001110110011111100111010011111111011110000111001011111111111110100101101011110
00101011101111111100111111001111110111111111111001111111110111111011111110011111
11111111110011111101111000101011100011101100111110111111100110111110101111001111
11001111110111101011111010011111110011111001111110001011010111111000111100111111
11101011111111101100111000101110001110111011111111001111100111111111111010011110
11001111000011100011101111101111100110010001111001101111010111101100110111111101
10011011000111111100111011011011111111101100111110001110010011111001111101011111
11101111110011101000111010011111101011101101111110011111000010111000101111001111
00011111001111101000111110011011000011101100111110001111100111100100111110001111
00001111110011101101101100101011100011111100111111011111110011111111101110011011
11011111111010111111111101001111110011111010111100111011111010111100111010111110
00001110001111101110111110011011000111111100111101011111110011101111111110011110
00011011101111101100111110111111010111110000111000001111110011111001101100101011
11111110001111111010111110011011111011111100111100011110110111100010111101011111
11001111101111111001101111101110110011111111111101011011100011101001111011111110
11001110111111111000101101011111000010110000111111001111010110110010111011001111
10001111010011111001111001011011111011111100111101011110001011111010111111011111
00101110111111110101111100101100110011111010101111011011111011110101111100111110
01101110100111111111100111001111101011101001101111101110111111110101111000111110
00101011111111111100111101001110110111111010111110011111110011101001111010101011
00111110000011111010111110011011100011111100111100111111101011101001111111101110
11001111100011100100101110011110110011110101111110011011110111101110111011111111
00001110110011111111101100111111000111101001111110001111010111110001101110011111
11111111110011111110111001011111110011111101111011111011111111110101101110001111
10011110001011111000111100001110110011111111101100111011000111101001111110001111
01011111000111101001111111111111110011110011111000101011110011101100111110011011
11101111110011110011111011111011100110111100111001001111010111110010111001101111
10011110111111111000111110011011100011111100111101001111100111110001111100111110
10011011111011111100111011011111001010111000111111001111100011110100111010011110
11001111000010110101101101111011100110110101111100101111110010111100111111001011
